108
2 17 10
2 17 20
2 17 30
2 17 40
2 -17 10
2 -17 20
2 -17 30
2 -17 40
14 16 -14
14 16 -10
14 16 -6
14 16 -2
14 16 2
14 16 6
14 16 10
14 16 14
14 16 18
14 16 22
14 16 26
14 16 30
14 16 34
14 16 38
14 16 42
14 16 46
14 16 50
14 -16 -14
14 -16 -10
14 -16 -6
14 -16 -2
14 -16 2
14 -16 6
14 -16 10
14 -16 14
14 -16 18
14 -16 22
14 -16 26
14 -16 30
14 -16 34
14 -16 38
14 -16 42
14 -16 46
14 -16 50
3 20 70 
3 52 230 
3 62 430 
3 52 630
13 18 60
13 48 190
13 58 400
13 30 630
4 14 72
6 14 106
9 33 200
5 50 450
7 -30 550
4 -63 670
8 -62 700
9 -63 750
11 17 55
12 -15 60
2 -20 750
2 -20 80
2 -19 120
2 -17 160
2 17 80
2 18 120
2 22 160
13 30 180
13 48 250
10 23 250
1 -10 300
2 11 310
2 23 320
2 11 350
2 23 360
2 11 390
2 23 410
2 9 450
2 9 470
2 15 520
2 9 560
1 29 520
2 15 950
2 15 970
2 15 990
2 15 1010
2 15 1030
2 15 1050
2 15 1070
2 15 1090
2 15 1110
2 15 1130
2 15 1150
2 15 1170
2 15 1190
2 -15 950
2 -15 970
2 -15 990
2 -15 1010
2 -15 1030
2 -15 1050
2 -15 1070
2 -15 1090
2 -15 1110
2 -15 1130
2 -15 1150
2 -15 1170
2 -15 1190
